"x1" "x2" "x3"
"1" 12.791162615902 -6.46440125914048 5.43943238751213
"2" 20.2056571960835 -4.91872484907404 -0.545706142201231
"3" 21.0654304898286 -4.89088807097476 -6.24345435922819
"4" 16.7123298706166 -4.53901021454921 -5.5912155717833
"5" 1.72463129339023 -4.4405444950873 4.49227982581035
"6" -20.8872754225448 -6.51465596260874 11.1555834892542
"7" -32.3023006189044 -6.43778003382763 14.7257595925541
"8" -27.6296901572193 -5.08770967255557 14.4282287930676
"9" -15.1529290425135 -5.04174154947773 14.7651016691109
"10" -9.06830619345632 -4.76382434339123 20.7853444428144
"11" -28.0802879529542 -4.87646673619399 22.7609973963477
"12" -40.9860493025762 -6.0546608528004 19.8249654806461
"13" -23.7928161015864 -5.84034668270711 14.7090119992708
"14" -3.20341915685791 -4.60194226809357 11.5268915900373
"15" -1.16354597844459 -4.8643046464053 8.69411120310336
"16" -3.52251581839556 -4.14691071104886 -0.663962774715195
"17" 9.68219839418235 -1.00578272794033 -8.96193663227274
"18" 24.5338010165184 -0.179001714681378 -10.9174041467861
"19" 22.9769768653897 -3.13414983459584 -5.83863851187215
"20" 5.66602988350633 -7.192336667722 2.41500971353284
"21" -18.792220257747 -8.20102361559683 7.57579048677042
"22" -22.1016729481966 -5.82440709465655 8.60127835273159
"23" -26.1363326688226 -3.68481625792575 5.75095227007158
"24" -27.7701052892064 -4.45180326962019 3.65903889973802
"25" -28.2424401096617 -7.21828570749237 3.1940148289934
"26" -31.4515618109287 -8.21847487360188 3.05656804549456
"27" -14.6287243159006 -6.18203620077989 2.21674327212231
"28" -20.16477401454 -2.17140204610491 0.254520544497556
"29" -30.7390041078571 0.0792823780776279 0.299042852487924
"30" 4.03451881632398 -1.48486566574017 7.67973078505604
"31" 19.9037187586052 -5.84777849693132 15.6104716370172
"32" 12.839965640941 -7.96769075011811 24.1182595091676
"33" 11.7334837221674 -7.17314097389042 22.1961023866627
"34" 17.8570594002882 -5.29674945878525 17.3572349954309
"35" 38.4773867082644 -4.73984020172365 7.02434581280601
"36" 37.6656961043552 -7.07473200520421 -2.54959488056798
"37" 22.2812503486446 -7.89088886280079 -4.32681915787576
"38" 9.1760473617715 -7.27756455208239 2.07964670888008
"39" 17.8553000914672 -4.87300357565099 11.915713789864
"40" 20.7451297493912 -3.63565511966751 18.2688806693746
"41" 7.53489103174222 -6.02927264824474 16.1733478752261
"42" -8.54694412339986 -8.15325484996395 12.6676216332393
"43" -15.0612371245393 -6.00532345277237 9.35126929034308
"44" -2.65091784393638 -1.39625948676625 7.84666368643813
"45" 14.5939591084664 -1.40941695877477 6.21150476318451
"46" 23.8315075430251 -4.51675084808658 7.17037038487321
"47" 12.8785153113503 -5.75276755529124 12.9943615555316
"48" 7.42409582157807 -4.71553500525548 20.5268124634595
"49" 21.5617437952731 -3.67926714791657 18.0287843958485
"50" 38.3490385761625 -3.45760604642589 13.2235118998715
"51" 41.2415503391504 -1.97115106907234 8.27842740978832
"52" 48.0033956905548 -2.94511212361171 6.92384061717777
"53" 52.4582220695222 -6.9278341959998 8.39092956491364
"54" 40.8399544941318 -8.27747640171069 6.806320108832
"55" 42.9612170587157 -6.54842301588791 6.95909886918716
"56" 52.1862492207552 -3.90968536883175 7.44738712796884
"57" 44.5984055076877 -1.92868599545684 13.8845801914555
"58" 33.7986534515171 -1.87454825685666 18.1065319474757
"59" 3.15834379672251 -5.79274091785588 13.5060049236911
"60" -30.9225496584449 -10.7548607653309 7.58992676999084
"61" -14.5112888516429 -9.17116846657381 3.80012394832485
"62" 28.4792554017365 -2.85925079511476 -0.557392081329519
"63" 23.0916228670464 0.792057035758567 -2.23033969672951
"64" 4.07670654911698 -1.99113075136633 -5.04884703409435
"65" 6.22917269889793 -7.28304234088377 4.50120110164027
"66" 2.35005460953403 -9.32909982546355 7.75866014583311
"67" 5.5267435329202 -6.75021020419924 14.2468335039006
"68" 13.4922130502917 -3.12353205375011 13.6054778316539
"69" 23.474114594321 -2.5250315150536 14.2527091016124
"70" 23.1114632553877 -3.3625200192752 14.1415461105673
"71" 34.8467560198356 -6.58991599130728 9.1520620968001
"72" 34.1707704737919 -7.87247955215673 0.894880109555594
"73" 15.4096038370548 -3.75195458133228 0.0392886108401846
"74" 12.8092880096715 -2.27911304597063 2.94710627276493
"75" 17.724044124921 -4.10749575522523 11.5691850205706
"76" 23.97746724833 -5.62642287850772 8.46637611213501
"77" 22.3854743379934 -6.83850237772244 11.9687835529235
"78" 23.7153666575553 -5.23676511005141 15.5546507188298
"79" 0.554481294029589 -2.8865889732779 21.7355805425258
"80" -11.3417315223929 -2.23857982240075 18.3231681871144
"81" 13.125795074892 -2.77498301858705 9.9634208076745
"82" 29.9197276804572 -3.3854700343701 0.550955239667093
"83" 28.4724693324788 -3.23343253488534 -6.70716030150206
"84" 17.639074327328 -4.43352958084234 -7.46161786994493
"85" 10.5549007659033 -6.11373810540063 -7.42221973815663
"86" 25.2983753281496 -6.00703275083839 -2.51261902865065
"87" 33.262963449475 -6.15230889854035 0.910586084070426
"88" 24.5964114957087 -5.66163656387417 8.86837184123175
"89" 7.5681834599185 -4.95388942492063 11.0982438688619
"90" 7.47121669966718 -5.16147543385467 13.8460015251751
"91" 24.4030105604257 -5.96166257180319 7.76370306002754
"92" 27.5546113733277 -6.9761098090083 6.25714491784392
"93" 24.4560595499674 -7.27745034414565 2.87529452440646
"94" 20.957096001879 -4.97665049805087 4.56592884196126
"95" 31.9807616991836 -1.34108356317495 8.65438909357314
"96" 39.4012322750445 -3.82481723117028 12.7888547727982
"97" 28.0118501443676 -9.3972932021728 16.3403687085725
"98" 7.4185597958408 -10.0358025103777 19.4649815764997
"99" -15.6567844349774 -6.8854806344088 17.1315813370036
"100" -23.4984132113107 -3.27268147613971 20.8937502298609
"101" -23.345184014027 -1.25484469321965 14.692454972131
"102" -30.4727379854552 -2.20165619483283 11.7560640610609
"103" -21.4861865425219 -4.04735587008865 5.22714236206383
"104" 1.07306395955735 -7.0220833798691 4.68821497685904
"105" 12.9571348596407 -9.94607350683725 9.41199556827977
"106" 12.0844968417448 -10.2031791166652 14.1682145292937
"107" 4.45807942256283 -5.65284158139394 18.05250302794
"108" 9.67361669431879 0.0137533999563351 16.8786376813777
"109" 3.98121733369685 0.401243436147969 18.0261075178842
"110" -25.4125719856392 -3.14288656561123 18.7940004555119
"111" -33.129404154586 -6.85356418567356 19.4859600065106
"112" -22.971188769525 -6.15872825683187 15.6412720759533
"113" -10.9139834408989 -3.10197544019106 8.31987640207288
"114" -11.9981971811294 -3.16501481494567 4.30659408988267
"115" -8.67910005493968 -5.68118821225023 1.80516264614912
"116" -9.88782264942912 -5.85358544196665 4.41740231362554
"117" -23.1495712826409 -4.8418516021953 3.23033274763453
"118" -9.78287999845182 -6.01454462196106 0.746165880172928
"119" 21.3127372851143 -8.99991370312852 2.22044881140185
"120" 34.2419006695254 -8.77873504794375 6.4236754727747
"121" 34.8354400271299 -3.09242702594099 12.3295019823432
"122" 25.3844573580201 -1.08067606861596 15.5065594723453
"123" 18.8520322254028 -6.35937677944184 22.0846029312877
"124" 23.9866094698312 -9.60612505094031 23.6311713614563
"125" 33.5541386335427 -7.17549774346613 20.460028305706
"126" 39.785682804497 -3.32142075972728 15.6808646257674
"127" 13.3330775359347 -2.4857051977329 16.7047431569322
"128" -17.3471503573274 -5.54631745714154 14.5077313513978
"129" -20.6617153486333 -8.25426809934702 12.261122360403
"130" -12.1480356749395 -6.60697035792402 4.8189570398787
"131" -19.2099670623546 -4.3655151276387 1.71152196207446
"132" -24.1901092932028 -4.70070904229993 -6.84116715971376
"133" -8.26961144204466 -6.48785666917321 -6.38344920122853
"134" 22.4992737466367 -8.80919894776005 2.23970103605242
"135" 34.7859614961819 -8.16561082103102 7.78540771360777
"136" 20.569729859498 -4.81605289674754 8.19647602036568
"137" 9.13008297018665 -1.45079017703344 -1.81548808403052
"138" 8.35992656471383 -2.16370591154424 -5.5306262846345
"139" 15.3719383853822 -4.78694560145345 -14.851476354738
"140" 10.637341096783 -5.34356889974834 -9.27220796502002
"141" 2.34926400053113 -5.47244294597449 -6.71311320988093
"142" 5.52762926494294 -4.43610763562044 2.15850682032696
"143" 0.336897105980337 -2.77551206865046 1.24084709264003
"144" -9.09450699170225 -2.86873585828507 1.95566339817485
"145" -17.2006904907286 -4.0004986547818 3.9958720995968
"146" -34.8525333669261 -6.51547506627433 -2.49967125524839
"147" -52.7450349869637 -8.30569267651645 -3.22173283635548
"148" -35.0160369813761 -5.83037069563327 2.71454245135804
"149" 3.07663543347152 -0.585955358238316 13.5998752085516
"150" 16.8886581752351 0.413333490965679 22.357322131492
"151" 13.9391963983281 -4.32148409998262 18.4259347971793
"152" 26.1437151300259 -7.34462182085035 18.2316951648857
"153" 47.8568474126159 -6.38543080312525 16.5879181966902
"154" 63.4155368666751 -4.16963910220458 14.0832236500688
"155" 76.668824183105 -2.3417148670567 11.7188824994322
"156" 77.365176386341 -3.41622584117189 8.84410229150823
"157" 67.3446151070037 -7.70355477627675 12.7608213667361
"158" 49.1568114792791 -10.7341146786253 9.95809250103724
"159" 42.4045211570491 -8.88887677051262 16.7794399876345
"160" 53.090016791341 -5.72233228285495 16.7540288911391
"161" 49.4728584977229 -5.82055641251402 23.6706271225481
"162" 32.0896947636513 -7.50786007754684 27.261607151241
"163" 10.4722858929919 -8.37172832048939 32.5771914095741
"164" -10.2398180348534 -5.47774157824819 40.8594917596684
"165" -11.7451673984939 -1.43997415689332 37.6074229280756
"166" -1.66765736667669 -0.455719965523807 30.7804245673025
"167" 19.505272621208 -2.06260271293829 21.1697618758379
"168" 37.8627386258684 -6.34230843067951 13.8348093309481
"169" 37.482819142337 -8.56998126340599 11.2923593987276
"170" 34.8395945778542 -5.01588005116015 9.47896928505639
"171" 21.9554639212975 -2.74467782092505 3.83063704370525
"172" 17.5255634067281 -4.86572861790858 2.01724273888899
"173" 30.4157244159526 -7.97154926158099 -0.216756988886985
"174" 14.7410588344111 -8.31432697201987 1.03095388565
"175" -7.19406228743219 -3.83776786348874 2.86592918248681
"176" -14.6596029453666 -1.0488110506311 2.30702400800015
"177" -19.019389443055 -5.29762814529042 2.75190419124703
"178" -14.4109238043063 -9.42611347111521 4.80249537466367
"179" -10.9301747839254 -8.88937265038556 9.7314857079453
"180" -0.081835301626878 -5.25156003464086 16.6320420148871
"181" 3.09159632433707 -2.16381067104913 19.0203256293949
"182" -5.5847345890732 -3.69140265283883 13.913846893316
"183" 1.79630332160504 -7.55205541704456 11.888945540307
"184" 7.99048468599997 -9.06242638975008 9.53016297529271
"185" -15.6092093984977 -6.66601377401869 13.8556795586301
"186" -40.0826693357078 -3.17007545138371 17.9242934711101
"187" -55.4707374437679 -2.43234543497853 17.7118476968059
"188" -60.9632236788552 -4.84475632051847 15.1827402780218
"189" -54.2626528208413 -6.01124214448812 13.2743091661443
"190" -52.4681327868759 -4.9930481911153 16.9751236455087
"191" -50.650509948942 -2.56003399258233 17.6920507185532
"192" -60.3360848717354 -1.12169654280244 18.2735230133546
"193" -71.2924719495231 -2.10859442868973 19.885198470276
"194" -81.4705307667567 -4.65338289894793 20.2198633183262
"195" -74.7283013007752 -8.32411873399977 12.844297140858
"196" -39.375762815754 -9.07272770727606 10.4657445450338
"197" -17.8666796926241 -5.75269477682446 7.14040896408342
"198" -29.2649409904718 -2.28109569115044 6.97234225180867
"199" -33.2441018016182 -1.40057008266152 -3.64154888555769
"200" -13.0951522324822 -4.43626101920416 -4.42417941659895
"201" -7.37298437696602 -10.1627260493336 -4.68757878320451
"202" -19.6834685706444 -12.3199985454711 2.01089388822342
"203" -32.5344289719103 -8.96817613725052 -0.251820441493678
"204" -14.2109503582795 -2.37650713057907 5.06310768658231
"205" -10.9273254115417 1.94765493561072 3.05950990991015
"206" -34.0573303982981 -0.374024856510112 7.85690183149967
"207" -29.9418205752741 -5.37655865511453 5.98921748493745
"208" -16.683624287836 -7.60145070537132 3.48827354113193
"209" -18.6171696755211 -6.17594705164337 -0.353492119920704
"210" -2.93445836986104 -4.03088741978448 -2.2921524124093
"211" 9.16046893465567 -3.76467937132592 0.48884547815617
"212" -9.90263914807823 -5.52761070561631 5.83894512483953
"213" -8.60879193540184 -5.56153988522254 7.63271082779429
"214" -0.0768937361517876 -2.92757281959794 11.2845757666673
"215" 6.67159717340873 -1.15732817230381 9.48147084361248
"216" 11.864995349694 -4.29915921079153 10.3709560705459
"217" 10.1091973968766 -9.55154323149858 13.8403506933444
"218" 14.0365207627748 -10.2540314663742 18.6141577446602
"219" 20.7212960087752 -5.10212008070238 20.5291095895452
"220" 22.3268977938644 -1.03354080573474 12.2380869225422
